0.000085
0.000475
0.001127
0.002002
0.003076
0.004338
0.005790
0.007451
0.009353
0.011549
0.014101
0.017089
0.020599
0.024715
0.029508
0.035006
0.041163
0.047792
0.054481
0.060458
0.064403
0.064197
0.056636
0.037230
0.000370
-0.059739
-0.147310
-0.262988
-0.402530
-0.556818
-0.713144
-0.857653
-0.979169
-1.072913
-1.141542
-1.192947
-1.236913
-1.284030
-1.347176
-1.442055
-1.585539
-1.794079
-2.081980
-2.456685
-2.910849
-3.413742
-3.906019
-4.305125
-4.528677
-4.531910
-4.334507
-4.012922
-3.668327
-3.397259
-3.276502
-3.356011
-3.648757
-4.114331
-4.645494
-5.076834
-5.238115
-5.043968
-4.545894
-3.887136
-3.213488
-2.620963
-2.152284
-1.815888
-1.609253
-1.537244
-1.618551
-1.881119
-2.352916
-3.048734
-3.945336
-4.935827
-5.782294
-6.160137
-5.880264
-5.075042
-4.058604
-3.085088
-2.277170
-1.668839
-1.254030
-1.014315
-0.934375
-1.011346
-1.260379
-1.716192
-2.425452
-3.423536
-4.674405
-5.955623
-6.783662
-6.671041
-5.651587
-4.213609
-2.772356
-1.492103
-0.384836
0.584412
1.441166
2.177747
2.755250
3.127200
3.269459
3.195580
2.951783
2.598808
2.187684
1.740612
1.246166
0.663735
-0.068094
-1.021027
-2.261332
-3.806197
-5.511368
-6.896713
-7.228076
-6.271276
-4.620572
-2.914429
-1.424730
-0.184964
0.853702
1.754278
2.566939
3.311151
3.962002
4.447711
4.671843
4.564394
4.126954
3.430771
2.576490
1.653889
0.718633
-0.216236
-1.175302
-2.201787
-3.326670
-4.519024
-5.617219
-6.311155
-6.318777
-5.678205
-4.735032
-3.847638
-3.221230
-2.924200
-2.953507
-3.277085
-3.841607
-4.558649
-5.282058
-5.808679
-5.956563
-5.693655
-5.170345
-4.609494
-4.189450
-4.005977
-4.081808
-4.382848
-4.827188
-5.289937
-5.621643
-5.701108
-5.508755
-5.149791
-4.795454
-4.602858
-4.665197
-4.988920
-5.478950
-5.940666
-6.138853
-5.927711
-5.356324
-4.622561
-3.938135
-3.448694
-3.233006
-3.333385
-3.765610
-4.494923
-5.389953
-6.186725
-6.551750
-6.309108
-5.609542
-4.785986
-4.119909
-3.763213
-3.767947
-4.124544
-4.768572
-5.557244
