1024
0 2 1
0 3 0
0 6 1
0 7 1
0 10 1
0 12 1
1 2 0
1 3 1
1 9 0
1 10 1
1 11 0
1 12 0
2 3 1
2 4 0
2 10 -1
2 11 -1
3 4 -1
3 9 1
3 10 -1
4 6 1
4 7 -1
4 8 0
4 9 1
5 7 -1
5 10 0
5 12 -1
5 14 1
5 15 0
5 18 0
6 11 1
6 14 1
6 19 0
6 20 -1
7 8 1
7 11 0
7 12 -1
8 9 0
8 11 -1
8 14 1
8 16 -1
9 10 -1
9 15 1
11 12 0
12 15 0
13 14 -1
13 15 -1
13 16 -1
13 17 0
13 18 0
13 20 1
14 16 0
14 17 1
15 16 0
15 17 1
16 20 0
16 21 -1
17 18 -1
17 19 0
17 20 -1
18 20 1
18 21 0
18 23 1
19 20 1
19 21 0
19 25 0
19 26 -1
21 25 1
21 26 1
21 27 1
22 24 1
22 27 1
22 28 1
22 29 0
22 30 0
22 32 -1
23 25 1
23 30 1
23 35 -1
23 36 -1
23 39 0
24 27 0
24 31 0
24 33 1
24 36 -1
24 39 1
25 26 1
25 28 0
25 31 0
26 28 0
26 31 -1
26 33 0
27 29 -1
27 30 1
27 31 0
28 29 1
28 31 -1
28 33 1
29 31 -1
29 33 1
29 37 1
30 36 -1
30 38 0
30 39 0
32 33 -1
32 34 0
32 36 -1
32 37 -1
32 38 0
33 35 0
34 35 -1
34 38 0
34 40 -1
34 41 1
34 43 0
35 36 1
35 37 1
35 39 1
36 37 1
37 38 1
37 40 -1
38 43 1
38 45 1
39 40 0
39 43 0
40 41 -1
40 43 1
40 44 1
41 42 1
41 47 1
41 48 0
41 51 -1
42 43 1
42 44 -1
42 47 1
42 49 -1
42 51 0
43 44 1
44 46 1
44 47 0
44 51 1
45 47 -1
45 48 1
45 49 -1
45 50 1
45 51 1
46 48 1
46 55 -1
46 56 0
46 58 1
46 62 -1
47 49 1
47 51 1
48 49 -1
48 50 1
48 51 -1
49 50 -1
49 52 1
50 53 -1
50 54 -1
50 55 0
52 53 0
52 63 1
52 64 1
52 65 -1
52 67 0
53 56 1
53 60 1
53 62 0
53 64 0
54 55 -1
54 56 -1
54 57 0
54 58 1
54 65 0
55 56 1
55 58 1
55 59 0
56 58 0
56 60 -1
57 59 1
57 60 -1
57 61 1
57 65 -1
57 67 1
58 59 0
58 61 0
59 60 0
59 62 -1
59 63 1
60 62 -1
60 65 -1
61 62 0
61 63 0
61 67 1
61 70 -1
62 63 0
63 66 0
63 69 0
64 65 1
64 67 1
64 73 0
64 74 1
65 67 1
66 70 -1
66 77 0
66 78 0
66 80 0
66 83 1
67 70 -1
68 70 -1
68 71 0
68 72 -1
68 76 -1
68 78 -1
68 82 -1
69 71 0
69 73 0
69 75 -1
69 76 1
69 78 -1
70 72 0
70 73 -1
71 75 1
71 78 0
71 80 -1
71 81 0
72 75 1
72 77 1
72 78 1
72 81 0
73 75 1
73 76 0
73 77 1
74 75 -1
74 76 -1
74 77 -1
74 79 0
74 80 0
75 80 0
76 78 1
76 79 1
77 85 1
77 86 1
79 80 1
79 81 1
79 82 0
79 83 -1
80 81 -1
81 84 -1
81 87 0
82 83 0
82 84 -1
82 86 1
82 87 -1
83 85 1
83 86 1
83 90 1
84 85 -1
84 86 0
84 87 -1
84 92 0
85 86 0
85 87 -1
85 88 0
86 89 1
87 88 -1
87 91 -1
88 95 -1
88 96 1
88 98 -1
88 101 1
89 92 0
89 93 0
89 94 -1
89 95 -1
89 97 1
90 92 0
90 95 1
90 100 1
90 102 0
90 105 -1
91 93 -1
91 95 0
91 99 0
91 102 -1
91 108 1
92 94 0
92 96 1
92 98 1
93 94 0
93 97 -1
93 98 1
93 100 -1
94 95 1
94 99 1
94 100 0
95 97 1
96 97 0
96 101 -1
96 102 0
96 103 -1
97 99 1
97 101 0
98 100 -1
98 103 -1
98 104 -1
99 100 1
99 101 0
99 103 1
100 106 -1
101 104 0
101 105 0
102 105 -1
102 108 0
102 110 0
103 105 -1
103 106 0
103 107 1
104 106 1
104 107 1
104 111 0
104 113 1
105 107 1
105 108 0
106 117 1
106 118 1
106 122 -1
107 113 0
107 114 1
107 115 1
108 109 -1
108 112 0
108 113 1
109 110 -1
109 111 -1
109 112 0
109 118 1
109 119 0
110 115 1
110 116 1
110 117 1
110 118 0
111 112 0
111 113 0
111 115 1
111 118 0
112 113 -1
112 115 1
112 120 0
113 114 1
114 115 0
114 117 1
114 119 0
114 121 1
115 116 0
116 117 0
116 118 0
116 121 1
116 122 0
117 120 0
117 122 1
118 119 1
119 121 -1
119 124 -1
119 126 -1
120 123 -1
120 124 -1
120 125 -1
120 129 0
121 122 1
121 123 -1
121 124 1
122 124 -1
122 129 -1
123 124 1
123 126 -1
123 127 1
123 130 1
124 126 0
125 126 0
125 127 -1
125 130 0
125 132 -1
125 133 1
126 130 0
126 131 0
127 130 1
127 131 0
127 132 1
127 134 -1
128 130 1
128 133 1
128 134 -1
128 136 -1
128 141 1
128 142 -1
129 131 0
129 132 1
129 133 -1
129 137 -1
130 131 1
131 134 1
131 135 -1
132 134 0
132 135 1
132 136 1
133 136 1
133 139 -1
133 142 -1
134 136 -1
134 140 1
135 136 1
135 138 1
135 139 0
135 140 0
136 138 0
137 139 1
137 141 -1
137 142 0
137 143 0
137 144 0
138 139 -1
138 140 -1
138 141 0
138 142 1
139 140 0
139 143 -1
140 141 0
140 151 1
141 142 -1
141 144 -1
142 145 -1
143 146 1
143 148 1
143 149 -1
143 150 -1
144 149 -1
144 150 0
144 151 1
144 152 0
145 146 -1
145 147 0
145 149 -1
145 150 -1
145 152 1
146 147 -1
146 148 -1
146 150 1
146 152 0
147 150 -1
147 151 0
147 152 1
147 153 -1
148 150 0
148 151 -1
148 152 1
148 153 -1
149 151 0
149 153 1
149 162 0
151 152 0
153 154 -1
153 156 -1
153 159 1
154 156 0
154 162 0
154 164 1
154 165 0
154 167 1
155 157 -1
155 158 -1
155 159 -1
155 162 -1
155 165 0
155 167 -1
156 157 1
156 159 -1
156 162 0
156 168 -1
157 158 1
157 161 0
157 162 -1
157 163 0
158 162 -1
158 163 1
158 165 -1
158 170 -1
159 160 -1
159 161 -1
159 163 -1
160 161 -1
160 164 0
160 169 -1
160 170 1
160 172 1
161 163 1
161 166 1
161 167 1
163 165 1
163 166 0
164 165 -1
164 168 0
164 171 0
164 172 -1
165 167 0
166 167 -1
166 168 -1
166 169 -1
166 170 -1
167 168 0
168 169 0
168 170 1
169 170 1
169 172 -1
169 176 -1
170 172 0
171 173 1
171 175 0
171 177 0
171 179 1
171 181 -1
172 173 -1
172 174 0
173 177 1
173 182 -1
173 183 -1
173 184 1
174 175 0
174 176 -1
174 178 1
174 180 1
174 182 -1
175 176 1
175 179 -1
175 180 -1
175 183 1
176 180 -1
176 181 1
176 183 -1
177 181 1
177 182 -1
177 184 0
177 185 0
178 181 0
178 183 1
178 184 -1
178 185 0
178 186 0
179 182 -1
179 183 0
179 185 1
179 188 0
180 181 0
180 183 1
180 184 -1
181 185 -1
182 186 0
182 188 -1
184 186 0
184 189 1
185 191 0
185 192 1
186 190 0
186 191 0
186 192 -1
187 188 1
187 190 -1
187 192 0
187 193 1
187 194 1
187 195 0
188 189 1
188 192 1
188 195 -1
189 190 0
189 193 0
189 195 0
189 196 0
190 191 1
190 195 0
190 197 0
191 192 1
191 197 -1
191 211 0
192 195 0
193 195 1
193 197 0
193 201 1
193 202 0
194 196 1
194 197 -1
194 202 0
194 203 1
194 210 0
196 198 -1
196 199 -1
196 202 1
196 204 0
197 198 -1
197 199 -1
198 199 -1
198 200 -1
198 201 0
198 204 1
199 201 0
199 203 1
199 204 0
