128
0 5 -1
0 6 0
0 7 0
0 8 1
0 9 -1
0 10 -1
1 3 -1
1 4 -1
1 6 0
1 10 1
1 11 1
1 13 0
2 3 -1
2 4 0
2 6 1
2 8 1
2 9 1
2 12 0
3 5 1
3 6 0
3 7 0
3 9 -1
4 8 -1
4 9 -1
4 10 -1
4 11 -1
5 7 0
5 12 1
5 13 -1
5 17 1
6 7 0
6 8 0
7 8 -1
7 10 0
8 10 1
9 10 0
9 11 -1
11 16 0
11 18 1
11 19 -1
12 18 0
12 19 1
12 21 0
12 25 -1
13 16 0
13 17 -1
13 19 0
13 20 0
14 15 1
14 16 0
14 17 0
14 20 -1
14 21 -1
14 24 1
15 17 -1
15 18 0
15 20 1
15 23 0
15 24 0
16 18 1
16 19 -1
16 20 -1
17 18 -1
17 19 0
18 20 -1
19 24 0
20 21 -1
21 23 -1
21 24 0
21 26 1
22 23 1
22 24 0
22 26 -1
22 27 1
22 30 0
22 34 0
23 24 -1
23 26 0
23 27 1
25 26 1
25 27 0
25 28 0
25 32 -1
25 34 1
26 33 0
26 38 1
27 31 -1
27 32 1
27 33 -1
28 32 0
28 33 0
28 35 0
28 40 -1
28 42 -1
29 32 1
29 33 0
29 34 0
29 37 1
29 38 1
29 41 -1
30 31 0
30 32 -1
30 33 1
30 34 -1
30 38 -1
31 32 -1
31 36 1
31 37 -1
31 40 0
33 36 -1
34 35 -1
34 36 1
35 36 1
35 40 1
35 43 1
35 45 0
36 38 -1
36 39 -1
37 38 1
37 39 -1
37 41 1
37 42 -1
38 41 0
39 41 0
39 43 0
39 47 0
39 48 -1
40 42 -1
40 44 0
40 52 1
41 45 1
41 47 -1
42 44 -1
42 47 0
42 49 0
43 48 0
43 51 -1
43 55 1
43 56 -1
44 45 0
44 47 1
44 49 0
44 50 0
45 46 1
45 47 1
45 48 -1
46 47 0
46 48 0
46 49 1
46 50 -1
46 56 -1
48 50 1
48 51 -1
49 50 0
49 52 -1
49 55 0
50 52 0
50 55 -1
51 62 0
51 63 0
51 66 -1
51 67 -1
52 53 1
52 54 0
52 55 0
53 55 1
53 58 -1
53 60 0
53 62 0
53 64 0
54 60 0
54 62 1
54 63 0
54 64 0
54 65 0
55 56 0
56 58 1
56 59 1
56 60 -1
57 59 -1
57 60 0
57 62 0
57 64 0
57 68 -1
57 69 0
58 59 0
58 60 0
58 62 -1
58 65 1
59 60 0
59 61 1
59 62 -1
61 64 1
61 66 1
61 67 1
61 71 -1
61 72 -1
63 64 1
63 65 1
63 68 0
63 69 1
64 65 -1
65 66 0
65 67 0
66 68 0
66 69 1
66 70 0
67 68 -1
67 71 1
67 72 1
68 69 1
68 72 -1
69 70 0
69 71 0
70 71 0
70 73 0
70 78 -1
70 79 -1
71 72 1
71 73 0
72 74 0
72 75 -1
73 74 0
73 78 1
73 79 -1
73 82 1
74 77 -1
74 78 0
74 79 -1
74 84 0
75 76 -1
75 79 -1
75 80 -1
75 81 0
75 82 1
76 77 -1
76 78 -1
76 80 1
76 81 1
76 82 0
77 78 -1
77 79 1
77 81 -1
77 82 1
78 80 1
79 84 0
80 83 -1
80 89 1
80 92 1
81 83 1
81 84 -1
81 87 -1
82 86 -1
82 87 -1
83 85 -1
83 89 -1
83 90 -1
83 91 1
84 88 1
84 89 -1
84 90 -1
85 86 0
85 89 -1
85 91 1
85 93 1
85 94 1
86 88 1
86 92 0
86 96 -1
86 97 0
87 88 1
87 89 0
87 91 1
87 92 0
88 90 1
88 92 1
88 93 0
89 90 0
90 91 1
90 92 0
91 98 -1
91 102 0
92 94 -1
93 95 -1
93 98 0
93 99 -1
93 100 0
94 96 0
94 97 0
94 99 0
94 101 1
95 97 -1
95 98 1
95 99 -1
95 102 1
95 103 0
96 97 1
96 98 0
96 101 0
96 103 1
97 99 -1
97 103 0
98 99 -1
98 100 1
99 102 -1
100 102 1
100 103 1
100 104 1
100 106 -1
101 102 1
101 104 -1
101 109 -1
101 114 -1
102 103 1
103 104 0
104 105 -1
104 106 0
104 107 -1
105 106 -1
105 108 1
105 109 1
105 110 -1
105 113 0
106 107 -1
106 108 1
106 113 0
107 111 1
107 114 -1
107 117 1
107 119 -1
108 113 1
108 116 -1
108 122 0
108 125 1
109 113 1
109 114 -1
109 116 0
109 117 -1
110 112 0
110 114 1
110 115 1
110 116 0
110 118 0
111 112 1
111 113 1
111 117 0
111 118 0
111 119 1
112 113 0
112 116 0
112 117 0
112 118 1
114 115 -1
114 116 1
115 116 1
115 119 -1
115 123 -1
115 124 1
117 124 -1
117 127 1
118 120 1
118 123 -1
118 124 1
119 120 1
119 121 0
119 123 -1
120 121 0
120 123 1
121 123 0
121 124 0
122 124 0
122 125 0
123 127 -1
124 125 0
