256
0 7 -1
0 8 0
0 9 0
0 13 -1
0 16 1
0 17 -1
1 2 1
1 3 0
1 7 0
1 8 0
1 9 -1
1 10 -1
2 3 0
2 8 -1
2 10 -1
2 13 0
2 14 -1
3 4 1
3 6 0
3 7 -1
3 13 -1
4 5 -1
4 6 -1
4 7 0
4 8 0
4 9 0
5 8 -1
5 11 0
5 12 1
5 15 -1
5 18 -1
6 7 1
6 12 -1
6 13 -1
6 15 -1
7 10 0
8 9 1
9 10 1
9 11 -1
10 11 1
10 14 0
11 12 1
11 13 1
11 15 0
12 15 0
12 17 -1
12 20 0
13 14 -1
14 15 0
14 21 1
14 22 -1
15 16 0
16 17 -1
16 18 -1
16 20 -1
16 21 0
17 18 -1
17 21 1
17 23 -1
18 19 -1
18 20 -1
18 22 0
19 20 0
19 21 -1
19 22 1
19 23 1
19 25 -1
20 24 0
20 32 1
21 22 0
21 25 -1
22 23 -1
22 25 -1
23 25 0
23 26 0
23 30 -1
24 25 0
24 28 -1
24 29 0
24 31 1
24 33 1
25 28 1
26 28 1
26 29 1
26 30 1
26 31 -1
26 32 1
27 28 -1
27 30 -1
27 31 1
27 33 0
27 34 -1
27 37 1
28 30 1
28 32 0
29 30 -1
29 31 1
29 32 -1
29 34 -1
30 34 0
31 33 0
31 34 -1
32 33 1
32 34 -1
33 35 0
33 39 1
34 38 -1
35 36 0
35 39 1
35 40 -1
35 42 0
35 45 1
36 37 -1
36 39 0
36 40 0
36 41 0
36 43 1
37 39 -1
37 40 0
37 42 -1
37 43 0
38 39 -1
38 41 1
38 44 -1
38 45 0
38 48 -1
39 42 1
40 41 0
40 42 1
40 44 0
41 42 1
41 46 1
41 47 -1
42 50 1
43 46 -1
43 50 0
43 51 -1
43 53 0
44 46 -1
44 48 0
44 49 1
44 50 0
45 47 0
45 48 -1
45 52 1
45 54 0
46 48 -1
46 50 0
46 51 0
47 49 0
47 52 -1
47 53 1
47 54 1
48 49 1
48 50 0
49 50 1
49 51 0
49 52 -1
51 52 0
51 57 0
51 58 0
52 53 0
52 56 0
53 58 1
53 59 0
53 65 0
54 58 -1
54 61 1
54 63 -1
54 64 -1
55 56 1
55 57 1
55 58 1
55 60 1
55 61 0
55 63 -1
56 57 -1
56 58 0
56 61 0
56 62 1
57 59 -1
57 63 0
57 64 -1
58 60 -1
59 61 0
59 64 -1
59 65 -1
59 68 1
60 61 0
60 62 1
60 63 0
60 66 -1
61 64 0
62 65 0
62 67 0
62 68 -1
62 71 0
63 64 1
63 68 -1
64 65 -1
65 70 0
65 73 -1
66 67 0
66 70 0
66 71 1
66 75 -1
66 76 -1
67 73 1
67 74 0
67 75 -1
67 77 1
68 70 -1
68 71 0
68 72 -1
69 72 1
69 73 1
69 75 1
69 76 0
69 77 -1
69 79 0
70 71 0
70 72 1
70 73 0
71 74 0
71 75 1
72 75 1
72 77 -1
72 79 -1
73 76 -1
73 79 1
74 77 0
74 79 1
74 82 -1
74 83 -1
75 76 -1
76 80 0
76 82 0
77 78 -1
77 80 1
78 82 1
78 86 -1
78 87 0
78 88 -1
78 90 0
79 80 1
79 81 -1
80 82 1
80 83 1
80 84 1
81 82 -1
81 83 0
81 86 -1
81 90 1
81 92 0
82 84 0
83 84 0
83 85 1
83 86 1
84 86 1
84 88 -1
84 90 1
85 86 -1
85 90 -1
85 91 1
85 94 1
85 96 -1
86 87 0
87 91 1
87 93 -1
87 94 1
87 104 0
88 94 1
88 96 1
88 98 1
88 100 1
89 92 -1
89 93 1
89 96 0
89 97 1
89 100 -1
89 102 -1
90 92 1
90 93 -1
91 92 -1
91 93 0
91 95 1
91 98 0
92 95 1
92 101 0
93 95 0
93 96 1
94 98 1
94 100 -1
94 102 -1
95 96 0
95 98 -1
95 99 0
96 99 -1
97 99 -1
97 100 1
97 101 1
97 102 -1
97 104 1
98 99 0
98 101 0
99 101 0
99 107 -1
100 111 -1
100 114 0
101 102 0
101 104 -1
102 103 0
102 104 1
103 105 1
103 106 1
103 107 0
103 111 -1
103 112 0
104 105 1
104 107 -1
105 108 -1
105 111 1
105 112 0
105 116 -1
106 107 -1
106 108 1
106 111 1
106 112 -1
106 113 -1
107 114 0
107 115 -1
108 109 0
108 113 -1
108 114 0
108 117 0
109 110 0
109 112 0
109 113 0
109 114 -1
109 115 0
110 111 -1
110 117 -1
110 118 -1
110 120 0
110 122 1
111 113 0
112 113 -1
112 114 1
113 115 1
114 116 0
115 117 1
115 119 1
115 120 0
116 118 1
116 119 0
116 120 -1
116 121 1
117 118 0
117 121 1
117 125 -1
118 121 -1
118 122 1
118 123 0
119 120 -1
119 122 0
119 123 -1
119 124 0
120 121 1
120 122 1
121 122 1
121 123 -1
122 124 0
123 124 1
123 125 -1
123 126 -1
124 129 0
124 131 0
124 133 -1
125 128 0
125 129 1
125 130 0
125 133 -1
126 128 0
126 130 -1
126 131 -1
126 133 -1
126 135 -1
127 133 1
127 134 -1
127 136 -1
127 140 1
127 142 1
127 143 0
128 129 0
128 130 0
128 132 -1
128 135 1
129 130 1
129 131 1
129 134 -1
130 131 0
130 133 0
131 138 0
131 142 1
132 135 -1
132 136 1
132 137 1
132 139 0
132 146 1
133 136 0
134 137 1
134 138 0
134 139 0
134 143 1
135 138 1
135 140 1
135 142 0
136 138 -1
136 139 0
136 144 1
137 139 1
137 142 -1
137 143 1
137 144 1
138 139 -1
138 141 -1
139 140 0
140 141 0
140 142 1
140 146 -1
141 144 0
141 145 -1
141 148 -1
141 150 -1
142 143 0
143 149 1
143 150 -1
144 145 1
144 148 -1
144 150 -1
145 146 -1
145 147 0
145 148 0
145 150 0
146 147 0
146 148 1
146 150 1
147 148 0
147 151 -1
147 152 0
147 160 -1
148 149 1
149 151 1
149 152 -1
149 157 -1
149 158 0
150 151 0
151 152 -1
151 154 0
151 157 -1
152 153 -1
152 155 0
152 157 1
153 158 -1
153 159 0
153 161 0
153 162 0
153 163 0
154 155 1
154 156 -1
154 160 -1
154 162 0
154 164 1
155 156 -1
155 159 0
155 160 1
155 161 0
156 159 0
156 164 1
156 165 0
156 174 0
157 159 -1
157 160 1
157 162 0
158 159 1
158 160 1
158 164 1
158 166 0
159 161 0
160 162 1
161 162 1
161 164 1
161 165 0
162 166 -1
163 165 -1
163 166 0
163 168 0
163 170 1
163 171 0
164 169 1
164 171 0
165 167 -1
165 168 -1
165 171 0
166 168 0
166 171 0
166 176 0
167 168 1
167 173 0
167 180 1
167 184 -1
167 185 -1
168 176 0
168 177 0
169 171 1
169 173 -1
169 175 0
169 177 1
169 179 0
170 172 0
170 173 0
170 176 -1
170 177 0
170 180 -1
171 172 -1
172 173 1
172 174 0
172 176 -1
172 177 -1
173 175 -1
173 180 0
174 177 0
174 178 1
174 179 1
174 184 1
175 176 1
175 179 -1
175 180 -1
175 181 -1
176 177 1
178 179 0
178 184 -1
178 185 -1
178 186 1
178 187 0
179 181 1
179 182 1
180 182 -1
180 183 1
181 182 -1
181 184 0
181 187 1
181 188 0
182 184 -1
182 185 0
182 186 -1
183 185 0
183 187 1
183 190 -1
183 193 -1
183 194 -1
184 185 1
185 189 -1
186 189 0
186 190 0
186 192 1
186 193 0
187 189 0
187 190 1
187 192 0
188 189 -1
188 190 -1
188 191 1
188 193 0
188 195 -1
189 190 0
189 192 1
190 193 1
191 193 0
191 194 -1
191 195 1
191 196 0
191 197 -1
192 196 0
192 199 1
192 205 -1
193 194 -1
194 195 -1
194 197 -1
194 200 0
195 196 0
195 197 1
195 198 0
196 197 -1
196 199 0
196 200 1
197 199 0
197 200 1
198 200 1
198 202 1
198 203 0
198 204 1
198 207 -1
199 205 1
199 206 -1
199 208 -1
