32
0 1 1
0 4 -1
0 5 -1
0 6 1
0 11 0
0 12 -1
1 9 0
1 11 1
1 13 1
1 15 0
1 17 -1
2 5 1
2 6 1
2 7 -1
2 8 0
2 9 1
2 11 -1
3 4 1
3 5 0
3 10 -1
3 11 1
3 15 0
3 18 1
4 5 1
4 7 1
4 9 0
4 10 1
5 8 -1
5 12 -1
6 9 1
6 12 1
6 16 0
6 17 0
7 10 -1
7 12 0
7 14 0
7 15 -1
8 9 1
8 13 0
8 19 -1
8 20 0
9 11 -1
10 11 1
10 12 -1
10 18 -1
12 14 0
13 14 -1
13 15 -1
13 18 -1
13 22 1
14 16 1
14 17 0
14 18 -1
15 16 0
15 18 0
16 18 0
16 20 0
16 23 1
17 19 0
17 22 1
17 23 0
19 20 -1
19 21 1
19 25 1
19 26 0
20 21 -1
20 22 1
20 23 1
21 24 -1
21 27 0
21 29 0
22 24 0
22 26 0
22 29 1
23 24 0
23 26 0
23 27 0
24 25 -1
24 26 1
24 27 -1
25 26 1
25 28 1
25 29 0
25 30 1
26 27 -1
27 30 0
28 29 1
28 31 0
30 31 -1
