512
0 3 0
0 5 0
0 8 1
0 10 1
0 15 1
0 16 0
1 2 1
1 6 1
1 8 -1
1 9 0
1 10 0
1 14 -1
2 3 1
2 4 0
2 5 -1
2 7 -1
2 10 1
3 4 -1
3 7 1
3 9 1
3 10 -1
4 6 -1
4 7 0
4 8 -1
4 9 -1
5 7 -1
5 9 0
5 11 0
5 12 -1
6 10 -1
6 11 0
6 14 0
6 16 0
7 12 -1
7 13 0
8 12 1
8 13 1
8 14 -1
9 11 1
9 13 1
10 11 -1
11 12 0
11 13 0
12 13 1
12 14 0
13 14 -1
14 17 -1
15 18 -1
15 19 1
15 20 0
15 23 -1
15 24 -1
16 34 1
16 36 0
16 37 0
16 41 0
17 19 -1
17 22 0
17 23 0
17 24 1
17 25 0
18 20 0
18 21 1
18 22 1
18 23 0
18 24 1
19 20 1
19 24 0
19 25 -1
19 26 0
20 21 1
20 22 1
20 25 1
21 23 -1
21 24 0
21 28 0
21 30 1
22 26 0
22 27 -1
22 28 0
23 25 1
23 26 0
24 26 -1
25 26 1
25 27 0
26 27 -1
27 29 1
27 30 0
27 32 0
28 30 0
28 31 0
28 33 1
28 34 1
29 30 0
29 34 0
29 35 1
29 37 1
29 39 -1
30 32 1
30 34 0
31 32 1
31 37 -1
31 40 -1
31 43 1
31 45 -1
32 34 0
32 35 0
32 36 0
33 36 0
33 37 1
33 39 -1
33 40 -1
33 43 1
34 35 0
35 36 -1
35 37 1
35 46 1
36 38 0
36 41 -1
37 39 1
38 39 1
38 43 -1
38 44 1
38 46 -1
38 47 0
39 43 0
39 46 0
40 41 -1
40 42 -1
40 43 0
40 48 0
41 42 0
41 43 1
41 45 1
42 49 -1
42 52 0
42 54 0
42 55 -1
44 48 0
44 53 1
44 59 0
44 61 0
44 62 -1
45 46 1
45 50 -1
45 51 -1
45 52 1
46 49 1
46 50 1
47 48 1
47 49 -1
47 52 -1
47 55 0
47 59 0
48 53 1
48 55 0
48 59 -1
49 50 0
49 51 1
49 52 -1
50 51 0
50 53 0
50 57 0
51 53 -1
51 54 1
51 55 0
52 57 -1
52 64 1
53 55 1
53 56 1
54 55 -1
54 56 1
54 57 0
54 58 1
56 59 -1
56 60 0
56 61 0
56 65 -1
57 58 -1
57 63 1
57 64 0
58 64 -1
58 67 1
58 69 0
58 74 -1
59 60 1
59 61 1
60 63 0
60 67 1
60 68 -1
60 69 -1
61 63 -1
61 65 1
61 66 -1
62 63 0
62 64 -1
62 66 1
62 72 1
62 74 1
63 65 -1
63 68 -1
64 65 -1
64 67 1
65 67 -1
65 69 1
66 68 1
66 69 0
66 71 1
66 72 -1
67 68 0
67 71 1
68 69 0
68 70 -1
69 70 -1
70 71 1
70 72 1
70 74 -1
70 76 1
71 73 0
71 76 0
71 77 1
72 75 0
72 77 -1
72 78 -1
73 74 1
73 76 0
73 83 0
73 84 1
73 88 0
74 75 1
74 76 0
75 76 0
75 77 -1
75 78 0
75 80 1
76 81 -1
77 79 0
77 80 -1
77 81 0
78 80 0
78 81 0
78 84 1
78 89 1
79 80 -1
79 83 0
79 84 0
79 88 -1
79 92 0
80 82 -1
80 85 0
81 82 1
81 83 0
81 85 -1
82 83 -1
82 85 0
82 86 -1
82 89 -1
83 84 0
83 85 0
84 86 -1
84 87 -1
85 87 1
85 91 0
86 87 0
86 88 -1
86 94 -1
86 95 1
87 89 -1
87 90 1
87 91 -1
88 90 1
88 91 1
88 92 0
89 90 1
89 95 -1
89 97 -1
90 92 0
90 93 0
90 96 -1
91 92 0
91 93 -1
91 94 1
92 93 1
92 95 -1
93 94 -1
93 102 1
93 103 -1
94 96 0
94 97 1
94 99 0
95 100 1
95 101 0
95 103 -1
96 97 -1
96 98 0
96 99 -1
96 100 0
97 99 -1
97 100 1
97 101 1
98 101 1
98 103 1
98 106 0
98 108 1
98 110 -1
99 103 -1
99 109 -1
99 110 1
100 101 -1
100 102 1
100 109 -1
101 102 1
101 105 -1
102 104 0
102 107 -1
102 108 -1
103 105 1
103 106 1
104 105 1
104 109 1
104 111 0
104 115 -1
104 117 1
105 110 0
105 114 0
105 117 -1
106 108 1
106 110 1
106 111 1
106 113 0
107 111 -1
107 113 0
107 114 1
107 120 1
107 126 0
108 110 -1
108 111 -1
108 112 1
109 112 0
109 113 0
109 115 1
110 112 0
111 118 -1
111 119 1
112 115 -1
112 117 1
112 119 -1
113 114 -1
113 116 -1
113 117 1
114 115 -1
114 120 0
114 121 0
115 116 1
115 119 -1
116 119 0
116 120 -1
116 122 1
116 126 1
117 120 -1
117 121 0
118 121 -1
118 122 1
118 124 1
118 125 -1
118 126 -1
119 120 -1
119 122 -1
120 121 0
121 122 0
121 125 1
122 124 0
122 125 0
123 124 -1
123 125 0
123 126 1
123 127 0
123 130 1
123 131 1
124 126 1
124 127 1
124 131 -1
125 126 -1
125 128 0
127 128 1
127 129 0
127 130 -1
127 132 0
128 129 0
128 134 -1
128 137 1
128 141 -1
129 133 1
129 134 0
129 135 1
129 136 -1
130 131 0
130 132 1
130 133 0
130 136 -1
131 132 1
131 133 0
131 139 0
132 133 1
132 134 0
132 137 -1
133 134 -1
133 135 -1
134 137 0
134 138 -1
135 136 -1
135 138 1
135 139 1
135 141 0
136 137 1
136 142 1
136 143 -1
137 138 -1
137 139 1
138 140 1
138 142 -1
138 144 1
139 140 -1
139 141 0
139 143 1
140 141 1
140 143 -1
140 145 -1
140 153 1
141 142 0
141 143 -1
142 145 -1
142 149 -1
142 152 -1
143 144 1
143 150 1
144 145 -1
144 147 1
144 148 1
144 150 1
145 146 0
145 149 0
145 150 1
146 147 1
146 148 -1
146 150 1
146 153 1
146 156 1
147 148 1
147 151 1
147 152 1
147 155 1
148 150 0
148 152 -1
148 154 1
149 151 0
149 152 -1
149 155 0
149 156 0
150 152 1
151 152 0
151 155 0
151 157 0
151 159 1
153 156 1
153 158 1
153 162 1
153 163 0
154 156 0
154 157 -1
154 160 1
154 162 1
154 164 0
155 156 1
155 158 -1
155 162 0
156 158 -1
157 158 1
157 161 0
157 165 1
157 168 -1
158 159 1
158 160 0
159 161 1
159 162 1
159 164 0
159 166 0
160 161 0
160 162 -1
160 166 -1
160 170 1
161 163 0
161 164 -1
161 171 1
162 168 -1
163 165 1
163 166 -1
163 167 -1
163 169 0
164 165 0
164 166 -1
164 167 1
165 166 1
165 167 -1
165 168 0
166 167 1
167 171 1
167 175 -1
168 175 0
168 177 0
168 179 -1
169 170 -1
169 171 0
169 175 0
169 176 -1
169 180 -1
170 172 -1
170 175 1
170 178 -1
170 179 0
171 172 -1
171 174 -1
171 178 0
172 175 1
172 176 1
172 179 1
172 181 -1
173 177 0
173 183 0
173 188 1
173 190 1
173 192 0
173 194 1
174 175 -1
174 181 -1
174 183 1
174 184 0
174 187 1
176 180 1
176 182 1
176 190 -1
176 193 0
177 181 0
177 182 1
177 185 -1
177 187 -1
178 181 -1
178 182 -1
178 183 0
178 185 0
179 180 1
179 181 -1
179 182 0
180 182 0
180 183 -1
180 184 1
181 185 0
182 185 1
183 185 1
183 187 1
184 185 1
184 188 -1
184 190 -1
184 192 1
186 187 0
186 188 1
186 189 0
186 190 0
186 192 -1
186 193 -1
187 190 -1
187 196 0
188 189 -1
188 191 -1
188 193 0
189 190 0
189 191 0
189 193 -1
189 196 -1
191 192 -1
191 195 0
191 196 0
191 199 1
192 194 0
192 199 0
193 196 -1
193 198 0
194 197 1
194 198 0
194 199 1
194 203 1
195 198 0
195 205 0
195 206 -1
195 208 1
195 210 -1
196 198 1
196 199 0
197 198 0
197 202 0
197 210 -1
197 212 -1
197 214 1
198 199 -1
199 200 1
