64
0 2 -1
0 3 1
0 5 -1
0 6 1
0 9 -1
0 14 -1
1 10 0
1 11 1
1 13 1
1 16 1
1 17 -1
1 19 0
2 3 1
2 6 1
2 7 -1
2 10 1
2 11 0
3 4 0
3 6 0
3 7 0
3 8 1
4 5 -1
4 6 1
4 8 -1
4 9 -1
4 11 0
5 6 0
5 7 0
5 8 -1
5 11 1
6 7 0
7 12 1
7 13 -1
8 15 0
8 16 0
8 17 -1
9 11 1
9 12 1
9 16 0
9 18 -1
10 11 0
10 12 0
10 16 1
10 17 0
12 13 0
12 14 -1
12 15 0
13 18 -1
13 19 1
13 21 -1
14 15 0
14 16 0
14 19 1
14 22 0
15 18 1
15 21 1
15 22 1
16 17 -1
17 19 0
17 23 0
18 20 1
18 21 0
18 22 0
19 23 -1
19 24 -1
20 22 0
20 25 -1
20 26 1
20 28 1
20 29 1
21 23 1
21 25 1
21 27 -1
22 24 1
22 25 -1
23 25 -1
23 27 -1
23 28 -1
24 27 0
24 29 -1
24 30 1
24 32 -1
25 28 0
25 30 0
26 27 -1
26 29 0
26 31 0
26 32 0
26 34 0
27 29 -1
27 30 0
28 29 -1
28 30 0
28 31 -1
29 31 0
30 32 1
30 36 0
31 33 0
31 34 0
31 36 1
32 35 1
32 37 1
32 41 0
33 36 -1
33 39 1
33 40 1
33 43 1
33 44 1
34 35 1
34 37 1
34 38 1
34 39 1
35 36 -1
35 38 0
35 39 0
35 41 -1
36 47 -1
36 48 -1
37 39 -1
37 41 0
37 45 1
37 46 0
38 39 0
38 46 1
38 47 1
38 48 0
39 40 -1
40 41 -1
40 43 0
40 45 0
40 46 -1
41 42 0
41 44 -1
42 44 -1
42 45 0
42 49 0
42 52 -1
42 53 1
43 49 -1
43 51 0
43 54 0
43 58 -1
44 46 1
44 48 1
44 49 1
45 46 -1
45 48 -1
45 50 1
46 47 -1
47 48 0
47 54 1
47 55 0
48 53 1
49 53 0
49 54 0
49 55 0
50 51 1
50 53 -1
50 55 1
50 56 1
50 57 -1
51 52 0
51 53 -1
51 54 0
51 55 0
52 55 0
52 56 0
52 59 0
52 60 0
53 54 -1
54 57 1
55 56 1
56 57 -1
56 58 -1
56 61 -1
57 58 1
57 59 0
58 59 1
58 60 -1
58 62 -1
59 60 0
59 62 -1
59 63 0
60 61 1
60 62 -1
60 63 1
61 62 -1
61 63 -1
