0.007801
0.013031
0.017508
0.021486
0.025235
0.029041
0.033210
0.038058
0.043905
0.051054
0.059762
0.070190
0.082324
0.095851
0.109975
0.123134
0.132581
0.133777
0.119537
0.078901
-0.004115
-0.151215
-0.388131
-0.737202
-1.202165
-1.751433
-2.313550
-2.790846
-3.085768
-3.126518
-2.890171
-2.430319
-1.874884
-1.372576
-1.028105
-0.879322
-0.942332
-1.262927
-1.897568
-2.869693
-4.170788
-5.758028
-7.494093
-9.083293
-10.057854
-9.845548
-7.982115
-4.471042
-0.064651
3.948059
6.431702
6.891890
5.421366
2.415137
-1.590181
-5.854907
-9.311483
-10.623257
-8.626813
-3.225620
3.882946
9.961481
13.175163
13.472967
11.850492
9.373589
6.727911
4.132709
1.440183
-1.626152
-5.251364
-9.435933
-13.916348
-17.932043
-19.809822
-16.929340
-7.556868
5.597454
16.104454
20.328758
19.470312
16.158373
12.166612
8.296191
4.794294
1.598787
-1.539410
-4.980657
-9.116268
-14.185196
-19.961678
-25.017376
-25.624371
-16.560783
2.252417
20.389101
28.759544
28.825064
25.605061
22.145346
19.384960
17.135082
14.731624
11.550049
7.438994
2.845191
-1.477597
-4.875935
-7.059504
-8.222475
-8.941443
-9.888913
-11.648626
-14.636580
-19.058653
-24.806089
-30.897305
-34.103420
-27.706913
-6.627262
19.135998
33.014099
34.122856
29.793983
24.795321
20.773308
18.011520
16.253229
14.884236
13.017018
9.714179
4.482642
-2.148991
-8.748793
-13.923660
-17.085625
-18.452009
-18.705120
-18.697395
-19.181307
-20.529707
-22.497665
-23.847078
-21.963915
-13.878718
-0.152433
12.811442
18.863468
17.747868
12.528172
5.940595
-0.586149
-6.471564
-11.290424
-14.340851
-14.468184
-10.532416
-2.957685
5.258159
10.466200
11.217035
8.400877
3.669461
-1.516621
-6.020817
-8.886789
-9.254997
-6.634098
-1.589315
3.847061
7.179294
7.086731
3.851929
-1.246797
-6.474448
-9.800604
-9.234322
-3.963735
4.222829
11.427751
14.675268
13.688525
9.788820
4.313751
-2.007566
-8.644511
-14.586248
-17.900597
-15.935448
-7.300503
4.852849
13.991311
16.471130
13.321542
7.133925
-0.094696
-7.131923
-12.880566
-15.773440
-13.771182
